6
16 8 3 27 3 3 
27
ABRET 15 254 34 96 104 121 
ABRET 35 270 295 231 121 97 
ABRET 42 294 253 215 222 219 
ABRET 197 246 165 180 191 167 
ABRET 101 151 116 39 178 84 
ABRET 265 60 174 69 198 21 
ABRET 7 125 182 298 137 260 
ABRET 83 258 288 248 187 4 
ABRET 142 119 266 137 218 88 
ABRET 253 66 281 217 286 54 
ABRET 47 273 71 29 5 262 
ABRET 102 261 192 143 166 103 
ABRET 90 179 264 248 47 163 
ABRET 200 119 116 144 298 61 
ABRET 12 2 294 128 226 260 
ABRET 9 298 289 250 25 192 
ABRET 139 243 61 104 223 75 
ABRET 134 232 3 240 193 132 
ABRET 64 237 292 200 101 126 
ABRET 215 178 283 10 217 38 
ABRET 5 193 38 67 255 39 
ABRET 180 221 133 93 237 43 
ABRET 56 108 124 208 109 164 
ABRET 23 87 224 88 261 244 
ABRET 129 46 51 246 156 170 
ABRET 232 238 244 215 3 287 
ABRET 84 283 125 300 262 198 
